# contact angle data for file 20140728-14_30_42-CA1_M01SS-27_FIX.avi
# thresh = 70
# baseleft = 77
# baseright = 87
# numoffitpoints = 19
1, 90.000000, 81.132071
2, 90.000000, 86.113609
3, 90.000000, 87.364717
4, 90.000000, 88.569381
5, 90.000000, 83.143571
6, 90.000000, 86.259936
7, 90.000000, 85.474259
8, 90.000000, 79.047881
9, 90.000000, 84.350466
10, 90.000000, 79.317627
11, 90.000000, 81.132071
12, 90.000000, 82.101815
13, 90.000000, 86.137993
14, 90.000000, 78.736371
15, 90.000000, 79.047881
16, 90.000000, 84.496055
17, 90.000000, 77.108944
18, 90.000000, 79.047881
19, 90.000000, 84.496055
20, 90.000000, 79.317627
21, 90.000000, 79.047881
22, 90.000000, 84.350466
23, 90.000000, 78.133992
24, 90.000000, 80.301144
25, 90.000000, 84.350466
26, 90.000000, 75.940306
27, 90.000000, 80.301144
28, 90.000000, 84.229197
29, 90.000000, 77.993302
30, 90.000000, 80.301144
31, 90.000000, 79.275218
32, 90.000000, 84.535393
33, 90.000000, 78.133992
34, 90.000000, 79.915854
35, 90.000000, 79.915854
36, 90.000000, 79.275218
37, 90.000000, 78.845283
38, 90.000000, 77.993302
39, 90.000000, 78.628353
40, 90.000000, 82.820722
41, 90.000000, 80.144460
42, 90.000000, 79.275218
43, 90.000000, 78.845283
44, 90.000000, 76.579527
45, 90.000000, 82.820722
46, 90.000000, 82.820722
47, 90.000000, 76.783494
48, 90.000000, 77.007049
49, 90.000000, 77.993302
50, 90.000000, 76.579527
51, 90.000000, 76.407824
52, 90.000000, 71.523249
53, 90.000000, 75.954614
54, 90.000000, 80.960630
55, 90.000000, 81.003475
56, 90.000000, 76.783494
57, 90.000000, 78.845283
58, 90.000000, 76.718667
59, 90.000000, 81.780515
60, 90.000000, 79.275218
61, 90.000000, 74.623945
62, 90.000000, 76.579527
63, 90.000000, 77.904435
64, 90.000000, 75.576850
65, 90.000000, 73.139702
66, 90.000000, 76.579527
67, 90.000000, 75.581604
68, 90.000000, 78.397973
69, 90.000000, 71.523249
70, 90.000000, 75.200363
71, 90.000000, 75.273818
72, 90.000000, 75.581604
73, 90.000000, 72.334745
74, 90.000000, 72.334745
75, 90.000000, 76.923669
76, 90.000000, 75.895009
77, 90.000000, 79.788172
78, 90.000000, 75.232740
79, 90.000000, 75.186940
80, 90.000000, 72.334745
81, 90.000000, 75.895009
82, 90.000000, 75.273818
83, 90.000000, 76.579527
84, 90.000000, 78.397973
85, 90.000000, 75.072526
86, 90.000000, 73.139702
87, 90.000000, 75.895009
88, 90.000000, 72.821503
89, 90.000000, 75.370255
90, 90.000000, 75.186940
91, 90.000000, 75.072526
92, 90.000000, 75.273818
93, 90.000000, 72.821503
94, 90.000000, 71.193351
95, 90.000000, 76.589118
96, 90.000000, 71.523249
97, 90.000000, 75.273818
98, 90.000000, 76.579527
99, 90.000000, 70.737425
100, 90.000000, 70.737425
101, 90.000000, 69.613173
102, 90.000000, 71.188809
103, 90.000000, 70.829314
104, 90.000000, 73.234133
105, 90.000000, 71.325156
106, 90.000000, 72.334745
107, 90.000000, 71.188809
108, 90.000000, 72.334745
109, 90.000000, 70.401632
110, 90.000000, 70.829314
111, 90.000000, 73.099482
112, 90.000000, 71.193351
113, 90.000000, 76.450128
114, 90.000000, 70.628347
115, 90.000000, 71.188809
116, 90.000000, 71.523249
117, 90.000000, 75.200363
118, 90.000000, 71.193351
119, 90.000000, 73.234133
120, 90.000000, 76.589118
121, 90.000000, 72.446016
122, 90.000000, 71.523249
123, 90.000000, 77.300925
124, 90.000000, 75.273818
125, 90.000000, 76.579527
126, 90.000000, 75.370255
127, 90.000000, 72.446016
128, 90.000000, 72.446016
129, 90.000000, 74.583117
130, 90.000000, 72.147814
131, 90.000000, 72.147814
132, 90.000000, 73.418621
133, 90.000000, 77.161128
134, 90.000000, 72.446016
135, 90.000000, 71.523249
136, 90.000000, 74.583117
137, 90.000000, 71.193351
138, 90.000000, 71.325156
139, 90.000000, 75.186940
140, 90.000000, 73.427932
141, 90.000000, 75.072526
142, 90.000000, 73.086336
143, 90.000000, 71.365345
144, 90.000000, 71.492860
145, 90.000000, 71.193351
146, 90.000000, 68.213156
147, 90.000000, 72.143987
148, 90.000000, 68.854738
149, 90.000000, 71.202434
150, 90.000000, 73.086336
151, 90.000000, 71.193351
152, 90.000000, 69.557529
153, 90.000000, 70.545695
154, 90.000000, 70.545695
155, 90.000000, 68.014597
156, 90.000000, 69.557529
157, 90.000000, 70.545695
158, 90.000000, 70.545695
159, 90.000000, 71.193351
160, 90.000000, 73.315481
161, 90.000000, 67.017987
162, 90.000000, 71.193351
163, 90.000000, 67.022282
164, 90.000000, 69.557529
165, 90.000000, 69.119729
166, 90.000000, 70.545695
167, 90.000000, 73.315481
168, 90.000000, 70.628347
169, 90.000000, 73.293007
170, 90.000000, 71.202434
171, 90.000000, 71.224390
172, 90.000000, 73.315481
173, 90.000000, 69.557529
174, 90.000000, 69.557529
175, 90.000000, 70.545695
176, 90.000000, 69.613173
177, 90.000000, 70.545695
178, 90.000000, 68.854738
179, 90.000000, 68.854738
180, 90.000000, 72.334745
181, 90.000000, 73.315481
182, 90.000000, 71.092742
183, 90.000000, 73.315481
184, 90.000000, 73.315481
185, 90.000000, 68.816539
186, 90.000000, 68.816539
187, 90.000000, 68.816539
188, 90.000000, 68.353132
189, 90.000000, 67.783283
190, 90.000000, 70.545695
191, 90.000000, 70.545695
192, 90.000000, 70.193497
193, 90.000000, 71.092742
194, 90.000000, 71.868915
195, 90.000000, 73.180714
196, 90.000000, 71.092742
197, 90.000000, 67.185003
198, 90.000000, 71.092742
199, 90.000000, 71.092742
200, 90.000000, 68.816539
201, 90.000000, 67.185003
202, 90.000000, 73.180714
203, 90.000000, 67.185003
204, 90.000000, 67.185003
205, 90.000000, 67.185003
206, 90.000000, 67.060240
207, 90.000000, 70.965830
208, 90.000000, 68.816539
209, 90.000000, 70.965830
210, 90.000000, 68.361890
211, 90.000000, 69.051919
212, 90.000000, 69.051919
213, 90.000000, 69.051919
214, 90.000000, 70.965830
215, 90.000000, 67.089617
216, 90.000000, 69.051919
217, 90.000000, 69.051919
218, 90.000000, 69.051919
219, 90.000000, 68.582638
220, 90.000000, 67.060240
221, 90.000000, 69.051919
222, 90.000000, 65.275822
223, 90.000000, 65.376959
224, 90.000000, 69.051919
225, 90.000000, 69.051919
226, 90.000000, 69.051919
227, 90.000000, 68.239381
228, 90.000000, 66.008363
229, 90.000000, 66.008363
230, 90.000000, 72.042264
231, 90.000000, 70.120255
232, 90.000000, 66.008363
233, 90.000000, 66.008363
234, 90.000000, 68.945170
235, 90.000000, 72.029270
236, 90.000000, 70.865495
237, 90.000000, 72.140161
238, 90.000000, 66.008363
239, 90.000000, 68.536533
240, 90.000000, 66.008363
241, 90.000000, 67.691404
242, 90.000000, 66.008363
243, 90.000000, 67.691404
244, 90.000000, 69.808616
245, 90.000000, 69.808616
246, 90.000000, 66.008363
247, 90.000000, 66.008363
248, 90.000000, 66.008363
249, 90.000000, 66.008363
250, 90.000000, 68.536533
251, 90.000000, 66.008363
252, 90.000000, 68.536533
253, 90.000000, 66.965029
254, 90.000000, 68.923839
255, 90.000000, 68.923839
256, 90.000000, 65.992149
257, 90.000000, 68.923839
258, 90.000000, 68.923839
259, 90.000000, 64.205001
260, 90.000000, 65.996378
261, 90.000000, 65.935080
262, 90.000000, 65.971711
263, 90.000000, 64.205001
264, 90.000000, 70.059769
265, 90.000000, 68.923839
266, 90.000000, 69.951608
267, 90.000000, 65.376959
268, 90.000000, 68.923839
269, 90.000000, 65.992149
270, 90.000000, 64.205001
271, 90.000000, 65.376959
272, 90.000000, 65.992149
273, 90.000000, 64.085975
274, 90.000000, 64.085975
275, 90.000000, 65.332996
276, 90.000000, 68.792308
277, 90.000000, 68.792308
278, 90.000000, 64.608308
279, 90.000000, 70.077686
280, 90.000000, 70.077686
281, 90.000000, 64.608308
282, 90.000000, 68.792308
283, 90.000000, 67.265432
284, 90.000000, 64.608308
285, 90.000000, 65.332996
286, 90.000000, 62.741152
287, 90.000000, 64.608308
288, 90.000000, 64.608308
289, 90.000000, 62.741152
290, 90.000000, 63.055762
291, 90.000000, 62.220297
292, 90.000000, 67.588094
293, 90.000000, 62.741152
294, 90.000000, 65.204079
295, 90.000000, 64.488475
296, 90.000000, 62.741152
297, 90.000000, 62.741152
298, 90.000000, 60.527757
299, 90.000000, 60.416481
300, 90.000000, 60.346260
301, 90.000000, 64.741505
302, 90.000000, 62.359328
303, 90.000000, 65.654703
304, 90.000000, 64.741505
305, 90.000000, 63.010135
306, 90.000000, 61.618006
307, 90.000000, 63.306699
308, 90.000000, 61.811894
309, 90.000000, 61.811894
310, 90.000000, 58.624998
311, 90.000000, 58.464567
312, 90.000000, 63.499182
313, 90.000000, 63.976737
314, 90.000000, 63.976737
315, 90.000000, 62.979290
316, 90.000000, 61.961063
317, 90.000000, 60.291428
318, 90.000000, 60.077140
319, 90.000000, 58.879983
320, 90.000000, 61.801395
321, 90.000000, 60.846303
322, 90.000000, 59.136345
323, 90.000000, 59.136345
324, 90.000000, 59.136345
325, 90.000000, 59.136345
326, 90.000000, 59.136345
327, 90.000000, 57.467852
328, 90.000000, 59.667048
329, 90.000000, 59.579660
330, 90.000000, 57.864056
331, 90.000000, 59.579660
332, 90.000000, 57.758787
333, 90.000000, 56.841839
334, 90.000000, 56.841839
335, 90.000000, 56.841839
336, 90.000000, 56.841839
337, 90.000000, 57.688744
338, 90.000000, 58.978516
339, 90.000000, 57.117984
340, 90.000000, 57.117984
341, 90.000000, 58.755714
342, 90.000000, 53.398913
343, 90.000000, 51.290780
344, 90.000000, 53.147135
345, 90.000000, 56.418255
346, 90.000000, 54.304345
347, 90.000000, 54.385210
348, 90.000000, 58.203894
349, 90.000000, 58.203894
350, 90.000000, 54.877798
351, 90.000000, 57.727979
352, 90.000000, 57.623025
353, 90.000000, 55.978474
354, 90.000000, 55.911216
355, 90.000000, 53.141186
356, 90.000000, 55.827294
357, 90.000000, 50.496850
358, 90.000000, 51.573238
359, 90.000000, 52.710485
360, 90.000000, 54.639459
361, 90.000000, 52.447822
362, 90.000000, 53.960424
363, 90.000000, 53.960424
364, 90.000000, 54.331096
365, 90.000000, 55.603549
366, 90.000000, 55.536887
367, 90.000000, 56.857826
368, 90.000000, 51.794234
369, 90.000000, 49.476219
370, 90.000000, 49.999072
371, 90.000000, 51.343282
372, 90.000000, 50.204401
373, 90.000000, 50.204401
374, 90.000000, 50.204401
375, 90.000000, 51.182417
376, 90.000000, 49.884763
377, 90.000000, 49.759022
378, 90.000000, 48.873572
379, 90.000000, 48.052013
380, 90.000000, 51.271754
381, 90.000000, 47.987130
382, 90.000000, 51.668231
383, 90.000000, 51.581015
384, 90.000000, 48.979664
385, 90.000000, 49.585726
386, 90.000000, 45.238346
387, 90.000000, 46.641340
388, 90.000000, 47.117014
389, 90.000000, 46.878478
390, 90.000000, 50.704154
391, 90.000000, 45.599588
392, 90.000000, 52.367210
393, 90.000000, 48.849616
394, 90.000000, 50.937638
395, 90.000000, 48.849616
396, 90.000000, 48.575859
397, 90.000000, 45.965346
398, 90.000000, 47.366553
399, 90.000000, 46.725404
400, 90.000000, 48.083335
401, 90.000000, 44.978468
402, 90.000000, 46.246077
403, 90.000000, 43.118430
404, 90.000000, 44.810153
405, 90.000000, 46.246077
406, 90.000000, 46.361767
407, 90.000000, 44.913128
408, 90.000000, 45.812068
409, 90.000000, 43.970676
410, 90.000000, 44.601982
411, 90.000000, 44.601982
412, 90.000000, 44.201281
413, 90.000000, 44.201281
414, 90.000000, 45.139290
415, 90.000000, 44.201281
416, 90.000000, 44.201281
417, 90.000000, 43.103044
418, 90.000000, 43.881243
419, 90.000000, 45.337315
420, 90.000000, 43.855685
421, 90.000000, 44.721347
422, 90.000000, 42.449718
423, 90.000000, 44.004493
424, 90.000000, 45.248568
425, 90.000000, 43.614673
426, 90.000000, 45.066386
427, 90.000000, 45.066386
428, 90.000000, 42.835016
429, 90.000000, 41.801399
430, 90.000000, 41.033285
431, 90.000000, 41.416641
432, 90.000000, 41.416641
433, 90.000000, 42.347945
434, 90.000000, 42.049155
435, 90.000000, 41.024913
436, 90.000000, 41.228817
437, 90.000000, 40.848306
438, 90.000000, 40.785510
439, 90.000000, 42.128851
440, 90.000000, 39.903743
441, 90.000000, 39.853393
442, 90.000000, 39.903743
443, 90.000000, 40.884106
444, 90.000000, 40.706341
445, 90.000000, 38.244479
446, 90.000000, 40.129357
447, 90.000000, 38.606634
448, 90.000000, 39.200269
449, 90.000000, 38.978290
450, 90.000000, 36.641230
451, 90.000000, 37.107481
452, 90.000000, 38.009749
453, 90.000000, 37.609766
454, 90.000000, 39.158129
455, 90.000000, 36.493720
456, 90.000000, 35.762348
457, 90.000000, 38.223127
458, 90.000000, 37.355782
459, 90.000000, 37.355782
460, 90.000000, 37.355782
461, 90.000000, 38.478078
462, 90.000000, 38.287244
463, 90.000000, 36.098870
464, 90.000000, 35.861834
465, 90.000000, 37.814255
466, 90.000000, 36.395650
467, 90.000000, 35.458783
468, 90.000000, 35.729773
469, 90.000000, 34.523662
470, 90.000000, 35.342281
471, 90.000000, 34.222113
472, 90.000000, 34.824110
473, 90.000000, 33.644638
474, 90.000000, 32.951714
475, 90.000000, 33.526510
476, 90.000000, 32.567128
477, 90.000000, 32.331490
478, 90.000000, 31.787243
479, 90.000000, 31.207628
480, 90.000000, 31.941906
481, 90.000000, 30.544117
482, 90.000000, 29.620290
483, 90.000000, 27.789355
484, 90.000000, 27.789355
485, 90.000000, 27.253380
486, 90.000000, 27.700385
487, 90.000000, 26.987622
488, 90.000000, 27.862423
489, 90.000000, 26.079784
490, 90.000000, 24.323022
491, 90.000000, 24.615902
492, 90.000000, 23.826190
493, 90.000000, 23.013609
494, 90.000000, 22.018048
495, 90.000000, 20.733073
496, 90.000000, 20.225869
497, 90.000000, 19.329023
498, 90.000000, 19.283503
499, 90.000000, 18.572606
500, 90.000000, 18.220468
501, 90.000000, 17.682019
502, 90.000000, 17.218953
503, 90.000000, 16.518024
504, 90.000000, 16.245780
505, 90.000000, 15.625989
506, 90.000000, 15.305808
507, 90.000000, 15.242497
508, 90.000000, 14.946546
509, 90.000000, 14.652480
510, 90.000000, 14.489213
511, 90.000000, 14.173695
512, 90.000000, 14.096469
513, 90.000000, 13.738715
514, 90.000000, 13.680593
