# contact angle data for file 20140728-14_40_39-CA1_67GR-28_FIX.avi
# thresh = 75
# baseleft = 93
# baseright = 94
# numoffitpoints = 8
1, 90.000000, 110.556045
2, 90.000000, 114.057349
3, 90.000000, 110.556045
4, 90.000000, 114.623565
5, 90.000000, 114.623565
6, 90.000000, 119.744881
7, 90.000000, 119.744881
8, 90.000000, 115.463345
9, 90.000000, 119.744881
10, 90.000000, 117.645975
11, 90.000000, 119.744881
12, 90.000000, 126.209457
13, 90.000000, 126.209457
14, 90.000000, 126.209457
15, 90.000000, 119.744881
16, 90.000000, 119.744881
17, 90.000000, 110.556045
18, 90.000000, 115.463345
19, 90.000000, 114.623565
20, 90.000000, 115.463345
21, 90.000000, 115.463345
22, 90.000000, 115.463345
23, 90.000000, 115.463345
24, 90.000000, 129.805571
25, 90.000000, 117.645975
26, 90.000000, 126.651004
27, 90.000000, 117.645975
28, 90.000000, 117.645975
29, 90.000000, 117.645975
30, 90.000000, 127.303948
31, 90.000000, 122.005383
32, 90.000000, 117.645975
33, 90.000000, 130.404112
34, 90.000000, 130.404112
35, 90.000000, 130.404112
36, 90.000000, 115.463345
37, 90.000000, 122.005383
38, 90.000000, 135.339024
39, 90.000000, 117.645975
40, 90.000000, 117.645975
41, 90.000000, 122.005383
42, 90.000000, 117.645975
43, 90.000000, 118.442929
44, 90.000000, 117.645975
45, 90.000000, 117.645975
46, 90.000000, 117.645975
47, 90.000000, 130.404112
48, 90.000000, 130.404112
49, 90.000000, 130.404112
50, 90.000000, 135.339024
51, 90.000000, 122.005383
52, 90.000000, 135.339024
53, 90.000000, 122.005383
54, 90.000000, 117.645975
55, 90.000000, 127.303948
56, 90.000000, 127.303948
57, 90.000000, 130.404112
58, 90.000000, 129.805571
59, 90.000000, 122.493255
60, 90.000000, 126.209457
61, 90.000000, 115.463345
62, 90.000000, 115.463345
63, 90.000000, 130.404112
64, 90.000000, 115.463345
65, 90.000000, 117.645975
66, 90.000000, 123.925528
67, 90.000000, 117.645975
68, 90.000000, 117.645975
69, 90.000000, 126.651004
70, 90.000000, 117.645975
71, 90.000000, 129.805571
72, 90.000000, 117.645975
73, 90.000000, 115.463345
74, 90.000000, 130.404112
75, 90.000000, 115.463345
76, 90.000000, 115.463345
77, 90.000000, 122.005383
78, 90.000000, 122.493255
79, 90.000000, 117.645975
80, 90.000000, 117.645975
81, 90.000000, 118.442929
82, 90.000000, 127.303948
83, 90.000000, 130.404112
84, 90.000000, 117.645975
85, 90.000000, 117.645975
86, 90.000000, 122.005383
87, 90.000000, 130.404112
88, 90.000000, 130.404112
89, 90.000000, 128.784364
90, 90.000000, 135.000000
91, 90.000000, 135.000000
92, 90.000000, 135.000000
93, 90.000000, 135.507029
94, 90.000000, 135.000000
95, 90.000000, 135.000000
96, 90.000000, 135.507029
97, 90.000000, 135.507029
98, 90.000000, 122.735226
99, 90.000000, 127.303948
100, 90.000000, 127.303948
101, 90.000000, 127.303948
102, 90.000000, 122.735226
103, 90.000000, 127.303948
104, 90.000000, 135.000000
105, 90.000000, 127.303948
106, 90.000000, 130.404112
107, 90.000000, 130.404112
108, 90.000000, 127.303948
109, 90.000000, 128.784364
110, 90.000000, 128.784364
111, 90.000000, 117.645975
112, 90.000000, 130.404112
113, 90.000000, 130.404112
114, 90.000000, 130.404112
115, 90.000000, 122.735226
116, 90.000000, 122.005383
117, 90.000000, 128.784364
118, 90.000000, 128.784364
119, 90.000000, 135.000000
120, 90.000000, 122.005383
121, 90.000000, 135.000000
122, 90.000000, 122.005383
123, 90.000000, 122.005383
124, 90.000000, 130.404112
125, 90.000000, 130.404112
126, 90.000000, 122.493255
127, 90.000000, 122.005383
128, 90.000000, 127.303948
129, 90.000000, 130.404112
130, 90.000000, 130.404112
131, 90.000000, 130.404112
132, 90.000000, 135.339024
133, 90.000000, 130.404112
134, 90.000000, 128.784364
135, 90.000000, 122.735226
136, 90.000000, 122.005383
137, 90.000000, 130.404112
138, 90.000000, 117.645975
139, 90.000000, 130.404112
140, 90.000000, 127.303948
141, 90.000000, 130.404112
142, 90.000000, 113.198590
143, 90.000000, 127.303948
144, 90.000000, 127.303948
145, 90.000000, 127.303948
146, 90.000000, 122.005383
147, 90.000000, 127.303948
148, 90.000000, 127.303948
149, 90.000000, 122.005383
150, 90.000000, 130.404112
151, 90.000000, 122.493255
152, 90.000000, 115.463345
153, 90.000000, 117.645975
154, 90.000000, 119.744881
155, 90.000000, 117.645975
156, 90.000000, 117.645975
157, 90.000000, 127.303948
158, 90.000000, 115.463345
159, 90.000000, 122.493255
160, 90.000000, 122.005383
161, 90.000000, 117.645975
162, 90.000000, 129.805571
163, 90.000000, 130.404112
164, 90.000000, 115.463345
165, 90.000000, 115.463345
166, 90.000000, 130.404112
167, 90.000000, 115.463345
168, 90.000000, 115.463345
169, 90.000000, 117.645975
170, 90.000000, 117.645975
171, 90.000000, 117.645975
172, 90.000000, 117.645975
173, 90.000000, 126.209457
174, 90.000000, 117.645975
175, 90.000000, 129.805571
176, 90.000000, 129.805571
177, 90.000000, 117.645975
178, 90.000000, 115.463345
179, 90.000000, 117.645975
180, 90.000000, 130.404112
181, 90.000000, 130.404112
182, 90.000000, 130.404112
183, 90.000000, 130.404112
184, 90.000000, 117.645975
185, 90.000000, 130.404112
186, 90.000000, 113.198590
187, 90.000000, 122.005383
188, 90.000000, 130.404112
189, 90.000000, 130.404112
190, 90.000000, 130.404112
191, 90.000000, 130.404112
192, 90.000000, 122.005383
193, 90.000000, 128.784364
194, 90.000000, 130.404112
195, 90.000000, 130.404112
196, 90.000000, 130.404112
197, 90.000000, 122.005383
198, 90.000000, 122.005383
199, 90.000000, 122.005383
200, 90.000000, 122.005383
201, 90.000000, 122.005383
202, 90.000000, 126.651004
203, 90.000000, 117.645975
204, 90.000000, 130.404112
205, 90.000000, 122.735226
206, 90.000000, 113.198590
207, 90.000000, 113.198590
208, 90.000000, 122.005383
209, 90.000000, 122.005383
210, 90.000000, 122.005383
211, 90.000000, 126.651004
212, 90.000000, 127.303948
213, 90.000000, 130.404112
214, 90.000000, 130.404112
215, 90.000000, 127.303948
216, 90.000000, 127.303948
217, 90.000000, 127.303948
218, 90.000000, 127.303948
219, 90.000000, 130.404112
220, 90.000000, 128.784364
221, 90.000000, 135.000000
222, 90.000000, 128.784364
223, 90.000000, 135.000000
224, 90.000000, 135.000000
225, 90.000000, 128.784364
226, 90.000000, 128.784364
227, 90.000000, 128.784364
228, 90.000000, 128.784364
229, 90.000000, 128.784364
230, 90.000000, 135.507029
231, 90.000000, 141.072456
232, 90.000000, 118.967661
233, 90.000000, 125.537678
234, 90.000000, 123.215251
235, 90.000000, 135.507029
236, 90.000000, 118.967661
237, 90.000000, 130.797320
238, 90.000000, 135.000000
239, 90.000000, 130.797320
240, 90.000000, 130.797320
241, 90.000000, 130.797320
242, 90.000000, 130.797320
243, 90.000000, 130.797320
244, 90.000000, 135.507029
245, 90.000000, 135.507029
246, 90.000000, 135.507029
247, 90.000000, 135.507029
248, 90.000000, 135.507029
249, 90.000000, 135.000000
250, 90.000000, 122.735226
251, 90.000000, 135.000000
252, 90.000000, 141.072456
253, 90.000000, 135.507029
254, 90.000000, 122.735226
255, 90.000000, 130.797320
256, 90.000000, 122.735226
257, 90.000000, 122.735226
258, 90.000000, 127.303948
259, 90.000000, 127.303948
260, 90.000000, 122.735226
261, 90.000000, 127.303948
262, 90.000000, 127.303948
263, 90.000000, 122.735226
264, 90.000000, 130.797320
265, 90.000000, 122.735226
266, 90.000000, 118.967661
267, 90.000000, 122.735226
268, 90.000000, 122.735226
269, 90.000000, 127.303948
270, 90.000000, 127.303948
271, 90.000000, 127.303948
272, 90.000000, 127.303948
273, 90.000000, 122.735226
274, 90.000000, 122.735226
275, 90.000000, 127.303948
276, 90.000000, 122.735226
277, 90.000000, 118.967661
278, 90.000000, 122.005383
279, 90.000000, 122.735226
280, 90.000000, 118.442929
281, 90.000000, 127.303948
282, 90.000000, 130.404112
283, 90.000000, 130.404112
284, 90.000000, 127.303948
285, 90.000000, 127.303948
286, 90.000000, 127.303948
287, 90.000000, 118.442929
288, 90.000000, 130.404112
289, 90.000000, 127.303948
290, 90.000000, 122.735226
291, 90.000000, 127.303948
292, 90.000000, 130.404112
293, 90.000000, 130.404112
294, 90.000000, 130.404112
295, 90.000000, 127.303948
296, 90.000000, 118.442929
297, 90.000000, 122.005383
298, 90.000000, 122.735226
299, 90.000000, 122.005383
300, 90.000000, 122.005383
301, 90.000000, 130.404112
302, 90.000000, 122.005383
303, 90.000000, 122.005383
304, 90.000000, 122.005383
305, 90.000000, 122.005383
306, 90.000000, 122.005383
307, 90.000000, 130.404112
308, 90.000000, 104.995079
309, 90.000000, 122.493255
310, 90.000000, 122.005383
311, 90.000000, 113.198590
312, 90.000000, 122.005383
313, 90.000000, 113.198590
314, 90.000000, 130.404112
315, 90.000000, 122.493255
316, 90.000000, 130.404112
317, 90.000000, 130.404112
318, 90.000000, 130.404112
319, 90.000000, 129.805571
320, 90.000000, 130.404112
321, 90.000000, 115.463345
322, 90.000000, 115.463345
323, 90.000000, 115.463345
324, 90.000000, 129.805571
325, 90.000000, 130.404112
326, 90.000000, 130.404112
327, 90.000000, 117.645975
328, 90.000000, 117.645975
329, 90.000000, 114.623565
330, 90.000000, 115.463345
331, 90.000000, 129.805571
332, 90.000000, 123.925528
333, 90.000000, 114.623565
334, 90.000000, 117.645975
335, 90.000000, 126.209457
336, 90.000000, 126.209457
337, 90.000000, 126.209457
338, 90.000000, 126.209457
339, 90.000000, 126.209457
340, 90.000000, 121.512263
341, 90.000000, 126.209457
342, 90.000000, 126.209457
343, 90.000000, 126.209457
344, 90.000000, 126.209457
345, 90.000000, 126.209457
346, 90.000000, 126.209457
347, 90.000000, 110.556045
348, 90.000000, 119.744881
349, 90.000000, 119.744881
350, 90.000000, 110.556045
351, 90.000000, 110.556045
352, 90.000000, 126.209457
353, 90.000000, 119.744881
354, 90.000000, 114.623565
355, 90.000000, 119.744881
356, 90.000000, 110.556045
357, 90.000000, 114.623565
358, 90.000000, 119.744881
359, 90.000000, 110.556045
360, 90.000000, 110.556045
361, 90.000000, 109.653824
362, 90.000000, 114.623565
363, 90.000000, 114.623565
364, 90.000000, 109.653824
365, 90.000000, 109.653824
366, 90.000000, 119.744881
367, 90.000000, 110.556045
368, 90.000000, 109.653824
369, 90.000000, 109.653824
370, 90.000000, 123.690067
371, 90.000000, 114.057349
372, 90.000000, 114.057349
373, 90.000000, 101.113040
374, 90.000000, 101.113040
375, 90.000000, 114.057349
376, 90.000000, 114.057349
377, 90.000000, 114.057349
378, 90.000000, 101.113040
379, 90.000000, 118.967661
380, 90.000000, 118.967661
381, 90.000000, 101.113040
382, 90.000000, 101.113040
383, 90.000000, 101.113040
384, 90.000000, 101.113040
385, 90.000000, 100.124672
386, 90.000000, 100.124672
387, 90.000000, 119.487126
388, 90.000000, 119.487126
389, 90.000000, 127.303948
390, 90.000000, 100.784298
391, 90.000000, 111.151691
392, 90.000000, 100.124672
393, 90.000000, 111.151691
394, 90.000000, 111.151691
395, 90.000000, 111.151691
396, 90.000000, 111.151691
397, 90.000000, 111.151691
398, 90.000000, 111.151691
399, 90.000000, 105.945396
400, 90.000000, 100.454835
401, 90.000000, 115.463345
402, 90.000000, 115.463345
403, 90.000000, 99.462322
404, 90.000000, 99.462322
405, 90.000000, 99.462322
406, 90.000000, 115.463345
407, 90.000000, 110.556045
408, 90.000000, 115.463345
409, 90.000000, 115.463345
410, 90.000000, 115.463345
411, 90.000000, 115.463345
412, 90.000000, 115.463345
413, 90.000000, 110.556045
414, 90.000000, 110.556045
415, 90.000000, 110.556045
416, 90.000000, 110.556045
417, 90.000000, 110.556045
418, 90.000000, 110.556045
419, 90.000000, 115.463345
420, 90.000000, 115.463345
421, 90.000000, 111.151691
422, 90.000000, 115.463345
423, 90.000000, 111.151691
424, 90.000000, 100.784298
425, 90.000000, -90.000000
426, 90.000000, -90.000000
427, 90.000000, -90.000000
428, 90.000000, -90.000000
429, 90.000000, -90.000000
430, 90.000000, 110.556045
431, 90.000000, 110.556045
432, 90.000000, 111.151691
433, 90.000000, 111.151691
434, 90.000000, -90.000000
435, 90.000000, -90.000000
436, 90.000000, -90.000000
437, 90.000000, -90.000000
438, 90.000000, -90.000000
439, 90.000000, -90.000000
440, 90.000000, -90.000000
441, 90.000000, -90.000000
442, 90.000000, -90.000000
443, 90.000000, -90.000000
444, 90.000000, -90.000000
445, 90.000000, -90.000000
446, 90.000000, 101.768289
447, 90.000000, 101.768289
448, 90.000000, 100.784298
449, 90.000000, 100.784298
450, 90.000000, 101.768289
451, 90.000000, 101.768289
452, 90.000000, 101.768289
453, 90.000000, 101.768289
454, 90.000000, 91.704728
455, 90.000000, 91.704728
456, 90.000000, 91.704728
457, 90.000000, 91.704728
458, 90.000000, 64.536655
459, 90.000000, 79.215702
460, 90.000000, 68.848309
461, 90.000000, 68.848309
462, 90.000000, 79.215702
463, 90.000000, 91.704728
464, 90.000000, 64.536655
465, 90.000000, 69.443955
466, 90.000000, 80.537678
467, 90.000000, 80.537678
468, 90.000000, 101.768289
469, 90.000000, 75.004921
470, 90.000000, 100.784298
471, 90.000000, 101.768289
472, 90.000000, 100.784298
473, 90.000000, 91.704728
474, 90.000000, 100.784298
475, 90.000000, 100.784298
476, 90.000000, 79.875328
477, 90.000000, 79.215702
478, 90.000000, 79.875328
479, 90.000000, 79.545165
480, 90.000000, 79.545165
481, 90.000000, 79.545165
482, 90.000000, 74.054604
483, 90.000000, 70.953376
484, 90.000000, 70.953376
485, 90.000000, 74.054604
486, 90.000000, 70.953376
487, 90.000000, 70.953376
488, 90.000000, 91.704728
489, 90.000000, 91.023030
490, 90.000000, 91.023030
491, 90.000000, 70.953376
492, 90.000000, 91.023030
493, 90.000000, 91.023030
494, 90.000000, 91.023030
495, 90.000000, 91.023030
496, 90.000000, 78.886960
497, 90.000000, 91.023030
498, 90.000000, 65.942651
499, 90.000000, 76.607502
500, 90.000000, 76.607502
501, 90.000000, 76.607502
502, 90.000000, 76.607502
503, 90.000000, 70.346176
504, 90.000000, 76.607502
505, 90.000000, 65.376435
506, 90.000000, 70.346176
507, 90.000000, 69.443955
508, 90.000000, 70.346176
509, 90.000000, 69.443955
510, 90.000000, 60.255119
511, 90.000000, 69.443955
512, 90.000000, 64.536655
513, 90.000000, 69.443955
514, 90.000000, 69.443955
515, 90.000000, 70.346176
516, 90.000000, 69.443955
517, 90.000000, 81.535954
518, 90.000000, 60.255119
519, 90.000000, 60.255119
520, 90.000000, 62.354025
521, 90.000000, 81.535954
522, 90.000000, 62.354025
523, 90.000000, 64.536655
524, 90.000000, 80.537678
525, 90.000000, 64.536655
526, 90.000000, 64.536655
527, 90.000000, 70.044282
528, 90.000000, 75.004921
529, 90.000000, 62.354025
530, 90.000000, 80.537678
531, 90.000000, 62.354025
532, 90.000000, 62.354025
533, 90.000000, 62.354025
534, 90.000000, 75.004921
535, 90.000000, 68.848309
536, 90.000000, 75.004921
537, 90.000000, 66.801410
538, 90.000000, 66.801410
539, 90.000000, 79.875328
540, 90.000000, 66.801410
541, 90.000000, 66.801410
542, 90.000000, 66.801410
543, 90.000000, 57.264774
544, 90.000000, 61.557071
545, 90.000000, 57.994617
546, 90.000000, 71.565051
547, 90.000000, 71.565051
548, 90.000000, 61.032339
549, 90.000000, 71.565051
550, 90.000000, 65.942651
551, 90.000000, 71.565051
552, 90.000000, 65.942651
553, 90.000000, 50.599339
554, 90.000000, 57.264774
555, 90.000000, 50.599339
556, 90.000000, 66.513906
557, 90.000000, 58.487737
558, 90.000000, 61.032339
559, 90.000000, 58.487737
560, 90.000000, 66.513906
561, 90.000000, 66.513906
562, 90.000000, 62.354025
563, 90.000000, 53.790543
564, 90.000000, 51.009006
565, 90.000000, 62.354025
566, 90.000000, 57.994617
567, 90.000000, 51.009006
568, 90.000000, 62.354025
569, 90.000000, 45.000000
570, 90.000000, 58.487737
571, 90.000000, 67.963773
572, 90.000000, 72.490755
573, 90.000000, 57.994617
574, 90.000000, 45.000000
575, 90.000000, 45.000000
576, 90.000000, 45.000000
577, 90.000000, 45.000000
578, 90.000000, 52.054252
579, 90.000000, 45.000000
580, 90.000000, 45.000000
581, 90.000000, 47.675427
582, 90.000000, 51.632515
583, 90.000000, 51.632515
584, 90.000000, 38.263989
585, 90.000000, 51.009006
586, 90.000000, 51.009006
587, 90.000000, 45.516164
588, 90.000000, 51.009006
589, 90.000000, 51.009006
590, 90.000000, 58.986116
591, 90.000000, 45.865429
592, 90.000000, 52.696052
593, 90.000000, 45.000000
594, 90.000000, 45.516164
595, 90.000000, 52.696052
596, 90.000000, 41.334250
597, 90.000000, 41.334250
598, 90.000000, 36.384352
599, 90.000000, 45.000000
600, 90.000000, 41.038473
601, 90.000000, 45.343084
602, 90.000000, 41.038473
603, 90.000000, 41.038473
604, 90.000000, 46.576550
605, 90.000000, 40.601295
606, 90.000000, 43.667780
607, 90.000000, 45.343084
608, 90.000000, 38.263989
609, 90.000000, 46.218875
610, 90.000000, 46.218875
611, 90.000000, 46.218875
612, 90.000000, 38.263989
613, 90.000000, 36.869898
